(( 1.6444662657018, 69.488179570082, 35), W )
(( 1.7099406682589, 82.796884635178, 32), M )
(( 1.7992893042607, 71.930826365284, 29), W )
(( 1.7022151563873, 71.931481978854, 29), M )
(( 1.7745079968701, 75.10824937269, 38), W )
(( 1.8081899105335, 79.407975910421, 35), M )
(( 1.8262419681575, 83.544502697865, 31), W )
(( 1.8415281088074, 86.733512414214, 33), M )
(( 1.7046578365586, 79.029021263368, 35), M )
(( 1.8302496249949, 78.092466298216, 31), W )
(( 1.8094438582762, 80.784930084003, 28), W )
(( 1.7937773290741, 82.840045931729, 32), M )
(( 1.8123560327051, 74.394800508876, 35), M )
(( 1.855925063759, 76.781711825589, 33), W )
(( 1.8100430432216, 80.868091242149, 32), M )
(( 1.9282873297102, 93.270972142596, 30), M )
(( 1.7786423738956, 82.444819640249, 33), W )
(( 1.7183758437726, 69.074815057559, 35), W )
(( 1.7348360343056, 64.528434319025, 34), W )
(( 1.6483624218318, 76.67937159868, 32), M )
(( 1.7140047363711, 76.438559746052, 34), W )
(( 1.6944476523867, 77.464379542136, 26), W )
(( 1.7066013490029, 74.217772765864, 38), W )
(( 1.6861538493332, 77.556569489533, 35), W )
(( 1.714662660212, 82.471705057569, 28), W )
(( 1.8298513849397, 71.962400887212, 34), W )
(( 1.7232179434519, 75.285683188152, 36), M )
(( 1.7692503372299, 82.482926074963, 33), M )
(( 1.7186537291324, 80.389929858713, 26), M )
(( 1.6206991231406, 74.890349918827, 34), W )
(( 1.8479122832162, 75.469035494482, 32), W )
(( 1.7975210909278, 87.660212517758, 26), M )
(( 1.8320421645555, 75.841445954495, 40), W )
(( 1.8577042073282, 87.315983788207, 35), M )
(( 1.7130399327853, 79.929037163536, 32), W )
(( 1.7372575977973, 83.031138496467, 32), W )
(( 1.6901433014409, 78.579991797756, 28), M )
(( 1.7290185059462, 77.962021147432, 32), M )
(( 1.8483239450656, 80.030869948826, 41), M )
(( 1.6830847180404, 72.559075815914, 26), W )
(( 1.8351422834317, 79.310185052687, 33), W )
(( 1.8414105136497, 77.96817224265, 36), M )
(( 1.6879425010005, 81.024048468826, 30), M )
(( 1.7727989418954, 76.424433137635, 29), M )
(( 1.7851051394918, 76.50224782941, 31), W )
(( 1.9120568117704, 86.03647734657, 39), M )
(( 1.736003926244, 75.870096965631, 33), W )
(( 1.723388250813, 77.646836335554, 31), W )
(( 1.7591126392828, 80.959042435043, 34), M )
(( 1.823807542179, 90.665657517927, 29), M )
(( 1.8152366753514, 75.545647496875, 31), W )
(( 1.5576388227135, 71.989188325039, 26), M )
(( 1.7001717079306, 67.464809907094, 35), W )
(( 1.8251633123236, 78.771004703924, 42), W )
(( 1.6232244798492, 76.372611133492, 33), W )
(( 1.7907303157369, 82.122962481346, 36), M )
(( 1.7027340403986, 79.460625293733, 26), M )
(( 1.8755029825295, 86.629586792652, 26), M )
(( 1.745172551473, 80.434015178899, 33), M )
(( 1.7888729188871, 76.972597458207, 30), W )
(( 1.6846420569795, 73.548081488156, 36), W )
(( 1.6631272282309, 72.87848404083, 32), W )
(( 1.7320829604425, 79.098313010274, 30), W )
(( 1.6151939723565, 79.579753789247, 35), W )
(( 1.7948005922561, 79.34658393417, 30), M )
(( 1.9008846417026, 93.184537462823, 31), M )
(( 1.695667813832, 77.467906922647, 27), M )
(( 1.7728271395721, 81.542873739945, 29), M )
(( 1.8491010027384, 83.086687941746, 31), M )
(( 1.7549065273745, 79.213888362809, 31), W )
(( 1.8286829444795, 85.983337380613, 38), M )
(( 1.8544641472506, 80.004641217636, 35), W )
(( 1.7829375816941, 83.015027195382, 29), M )
(( 1.780152627727, 74.566093652201, 25), W )
(( 1.6036930921836, 74.091206344458, 28), W )
(( 1.7843930994316, 80.507669016787, 34), M )
(( 1.528012274325, 66.764223069574, 27), W )
(( 1.7750548213397, 75.327224568274, 34), M )
(( 1.7128386178562, 80.807869372539, 36), M )
(( 1.7442469371574, 80.687750087836, 26), M )
(( 1.7561323707359, 81.09382378796, 32), M )
(( 1.8105657709355, 78.864168466518, 31), M )
(( 1.823344156414, 80.888197198809, 30), M )
(( 1.7070512173255, 80.335637451087, 33), M )
(( 1.7240068805175, 83.093906486623, 33), M )
(( 1.6591331420272, 72.496602412176, 29), W )
(( 1.7221366381813, 83.184208529297, 29), M )
(( 1.7942936105723, 66.511814157941, 34), W )
(( 1.7697139938953, 77.867511094996, 30), W )
(( 1.899526047358, 72.800643434361, 32), W )
(( 1.7206565458677, 63.325775793836, 33), W )
(( 1.7217343182478, 81.126907717825, 30), M )
(( 1.8046476342694, 73.441381877544, 33), W )
(( 1.7774573368705, 84.180088994104, 28), M )
(( 1.795234574792, 79.0972562962, 24), W )
(( 1.5973592923186, 67.250325909868, 38), W )
(( 1.7346804434217, 70.641392638086, 30), W )
(( 1.7876259083673, 73.171117194571, 30), M )
(( 1.8323420272594, 81.921773507043, 26), M )
(( 1.731497998681, 73.778214819519, 36), W )
(( 1.7114771580508, 72.611363495907, 34), W )
(( 1.6967296239569, 78.724534868716, 33), M )
(( 1.6062814350674, 74.622623383852, 37), M )
(( 1.7808182479368, 83.096482661736, 34), M )
(( 1.7867976915369, 75.899730834977, 32), W )
(( 1.7934081437193, 80.611812970334, 30), M )
(( 1.8355697463162, 77.029713443859, 37), M )
(( 1.7198228974824, 75.535871664226, 28), W )
(( 1.6605645448799, 75.419204152687, 33), W )
(( 1.7096622486268, 79.468777412366, 35), W )
(( 1.7037337059439, 75.387356720085, 29), W )
(( 1.7468134689452, 71.623388781062, 33), W )
(( 1.7866637392351, 78.641628320499, 37), W )
(( 1.733592008858, 71.649194328384, 37), W )
(( 1.8220989614023, 78.944656513485, 34), W )
(( 1.5587262925889, 76.261494351697, 36), W )
(( 1.775318158379, 85.883781222774, 33), W )
(( 1.7595177426701, 73.007182116057, 32), W )
(( 1.6067388525533, 67.970763630874, 35), W )
(( 1.8533793136041, 74.731244258813, 28), W )
